TestcaseNumber,TestcaseCount,TestcaseRatio,StatementCount,StatementRatio,BranchCount,BranchRatio,FaultCount,FaultRatio
298,1,0.270270,669,45.853324,578,47.729149,1,0.166667
15,2,0.540541,704,48.252228,590,48.720066,1,0.166667
66,3,0.810811,718,49.211789,612,50.536746,2,0.333333
88,4,1.081081,767,52.570254,642,53.014038,2,0.333333
207,5,1.351351,802,54.969157,660,54.500413,2,0.333333
140,6,1.621622,836,57.299520,680,56.151941,2,0.333333
241,7,1.891892,836,57.299520,680,56.151941,2,0.333333
127,8,2.162162,849,58.190541,690,56.977704,2,0.333333
214,9,2.432432,849,58.190541,696,57.473163,2,0.333333
87,10,2.702703,878,60.178204,716,59.124690,2,0.333333
30,11,2.972973,975,66.826594,788,65.070190,4,0.666667
186,12,3.243243,1024,70.185058,846,69.859620,4,0.666667
261,13,3.513514,1053,72.172721,870,71.841453,4,0.666667
172,14,3.783784,1057,72.446881,872,72.006606,4,0.666667
8,15,4.054054,1057,72.446881,872,72.006606,4,0.666667
104,16,4.324324,1057,72.446881,872,72.006606,4,0.666667
279,17,4.594595,1065,72.995202,872,72.006606,4,0.666667
195,18,4.864865,1068,73.200822,874,72.171759,5,0.833333
246,19,5.135135,1069,73.269363,874,72.171759,5,0.833333
204,20,5.405405,1069,73.269363,874,72.171759,5,0.833333
79,21,5.675676,1069,73.269363,874,72.171759,5,0.833333
269,22,5.945946,1069,73.269363,874,72.171759,5,0.833333
167,23,6.216216,1069,73.269363,874,72.171759,5,0.833333
57,24,6.486486,1069,73.269363,874,72.171759,5,0.833333
285,25,6.756757,1069,73.269363,874,72.171759,5,0.833333
320,26,7.027027,1070,73.337903,874,72.171759,5,0.833333
126,27,7.297297,1070,73.337903,874,72.171759,5,0.833333
23,28,7.567568,1089,74.640164,876,72.336912,5,0.833333
342,29,7.837838,1090,74.708705,878,72.502064,5,0.833333
232,30,8.108108,1091,74.777245,878,72.502064,5,0.833333
11,31,8.378378,1099,75.325565,880,72.667217,6,1.000000
312,32,8.648649,1099,75.325565,880,72.667217,6,1.000000
329,33,8.918919,1099,75.325565,880,72.667217,6,1.000000
343,34,9.189189,1099,75.325565,880,72.667217,6,1.000000
157,35,9.459459,1099,75.325565,880,72.667217,6,1.000000
